1: 12958.7
2: 12903
3: 12493.1
A keresett út nem található!
5: 11329.8
6: 10913.3
7: 10700.5
8: 9866.86
9: 8720.89
10: 7987.19
11: 7123.22
12: 5839.12
13: 5417.35
14: 5033.15
15: 4683.54
A keresett út nem található!
A keresett út nem található!
18: 3538.53
A keresett út nem található!
20: 2761
A keresett út nem található!
22: 1627.15
21.6281, 47.5208
21.6281, 47.5208
21.6279, 47.5208
21.6278, 47.5208
21.6277, 47.5208
21.6276, 47.5208
21.6275, 47.5209
21.6275, 47.5209
21.6275, 47.521
21.6274, 47.521
21.6274, 47.521
21.6274, 47.5212
21.6273, 47.5212
21.6272, 47.5213
21.6272, 47.5214
21.6271, 47.5216
21.627, 47.5216
21.6269, 47.5217
21.6268, 47.5217
21.6259, 47.5216
21.6256, 47.5216
21.6251, 47.5216
21.6246, 47.5216
21.6245, 47.5216
21.6226, 47.5216
21.6225, 47.5216
21.6222, 47.5217
21.622, 47.5217
21.6217, 47.5217
21.6214, 47.5218
21.6212, 47.5219
21.6211, 47.522
21.6209, 47.5221
21.6207, 47.5223
21.62, 47.5231
21.6197, 47.5234
21.6197, 47.5234
21.6196, 47.5235
21.6196, 47.5235
21.6195, 47.5236
21.6191, 47.524
21.619, 47.5241
21.6187, 47.5244
21.6183, 47.5247
21.6182, 47.5248
21.6182, 47.5248
21.6171, 47.5258
21.617, 47.5259
21.6169, 47.526
21.6168, 47.5261
21.6147, 47.5279
21.6137, 47.5287
21.6136, 47.5288
21.6135, 47.5288
21.6134, 47.5288
21.6133, 47.5288
21.613, 47.5287
21.6128, 47.5286
Távolság: 1627.15
